1    1   57    1    1    0    1    0    1    1    3    0 /
2 /				              
2    1   65    3    1    2    0    0    0    0    3    0 /
3    1    6 /
3    1   94    4    1    2    0    0    0    0    2    0 /
4    2    6 /			              
4    1    7    6    1    2    0    0    0    0    1    0 /
5    3    7 /			              
5    1  120    8    1    2    0    5    0    0    1    0 /
0    4    8 /			              
6    2    3    2    1    0    2    0    1    2    3    0 /
2 /				              
7    2    3    5    1    0    3    0    1    3    1    0 /
4 /				              
8    2    3    7    1    0    4    0    1    4    1    0 /
5 /
