    1     1   167.00    23390    800.3    0.028     1000    0.001
    1     2   166.50    23380    788.0    0.028     1000    0.001
    1     3   166.00    23370    782.8    0.028     1000    0.001
    1     4   165.50    23360    780.2    0.028     1000    0.001
    1     5   165.00    23350    788.6    0.028     1000    0.001
    1     6   164.50    23340    783.7    0.028     1000    0.001
    1     7   164.00    23330    768.2    0.028     1000    0.001
    1     8   163.50    23320    768.1    0.028     1000    0.001
    1     9   163.00    23310    763.8    0.028     1000    0.001
    1    10   162.50    23300    752.5    0.028     1000    0.001
    1    11   162.00    23290    769.5    0.028     1000    0.001
    1    12   161.50    23280    744.8    0.028     1000    0.001
    1    13   161.00    23270    773.4    0.028     1000    0.001
    1    14   160.50    23260    757.9    0.028     1000    0.001
    1    15   160.00    23250    769.4    0.028     1000    0.001
    1    16   159.50    23240    752.1    0.028     1000    0.001
    1    17   159.00    23230    752.8    0.028     1000    0.001
    1    18   158.50    23220    757.9    0.028     1000    0.001
    1    19   158.00    23210    759.7    0.028     1000    0.001
    1    20   157.50    23200    757.8    0.028     1000    0.001
    1    21   157.00    23190    754.2    0.028     1000    0.001
    1    22   156.50    23180    752.7    0.028     1000    0.001
    1    23   156.00    23170    750.2    0.028     1000    0.001
    1    24   155.50    23160    747.3    0.028     1000    0.001
    1    25   155.00    23150    749.8    0.028     1000    0.001
    1    26   154.50    23140    747.8    0.028     1000    0.001
    1    27   154.00    23130    742.4    0.028     1000    0.001
    1    28   153.50    23120    742.0    0.028     1000    0.001
    1    29   153.00    23110    750.0    0.028     1000    0.001
    1    30   152.50    23100    747.3    0.028     1000    0.001
    1    31   152.00    23090    745.2    0.028     1000    0.001
    1    32   151.50    23080    738.9    0.028     1000    0.001
    1    33   151.00    23070    734.9    0.028     1000    0.001
    1    34   150.50    23060    728.1    0.028     1000    0.001
    1    35   150.00    23050    730.1    0.028     1000    0.001
    1    36   149.50    23040    739.5    0.028     1000    0.001
    1    37   149.00    23030    733.5    0.028     1000    0.001
    1    38   148.50    23020    731.7    0.028     1000    0.001
    1    39   148.00    23010    727.3    0.028     1000    0.001
    1    40   147.50    23000    727.8    0.028     1000    0.001
    1    41   147.00    22990    727.1    0.028     1000    0.001
    1    42   146.50    22980    719.1    0.028     1000    0.001
    1    43   146.00    22970    717.7    0.028     1000    0.001
    1    44   145.50    22960    724.9    0.028     1000    0.001
    1    45   145.00    22950    716.1    0.028     1000    0.001
    1    46   144.50    22940    715.2    0.028     1000    0.001
    1    47   144.00    22930    711.9    0.028     1000    0.001
    1    48   143.50    22920    714.9    0.028     1000    0.001
    1    49   143.00    22910    706.7    0.028     1000    0.001
    1    50   142.50    22900    709.2    0.028     1000    0.001
    1    51   142.00    22890    699.6    0.028     1000    0.001
    1    52   141.50    22880    704.4    0.028     1000    0.001
    1    53   141.00    22870    699.9    0.028     1000    0.001
    1    54   140.50    22860    690.4    0.028     1000    0.001
    1    55   140.00    22850    675.4    0.028     1000    0.001
    1    56   139.50    22840    699.6    0.028     1000    0.001
    1    57   139.20    22830    692.1    0.028     1000    0.001
    2     1   139.20    22830    692.1    0.028     1000    0.001
    2     2   139.00    22820    694.2    0.028     1000    0.001
    2     3   138.50    22810    690.1    0.028     1000    0.001
    2     4   138.00    22800    694.4    0.028     1000    0.001
    2     5   137.50    22790    679.1    0.028     1000    0.001
    2     6   137.00    22780    686.0    0.028     1000    0.001
    2     7   136.50    22770    685.6    0.028     1000    0.001
    2     8   136.00    22760    675.9    0.028     1000    0.001
    2     9   135.50    22750    683.8    0.028     1000    0.001
    2    10   135.00    22740    680.3    0.028     1000    0.001
    2    11   134.50    22730    655.4    0.028     1000    0.001
    2    12   134.00    22720    666.3    0.028     1000    0.001
    2    13   133.50    22710    667.3    0.028     1000    0.001
    2    14   133.00    22700    669.1    0.028     1000    0.001
    2    15   132.50    22690    664.1    0.028     1000    0.001
    2    16   132.00    22680    664.9    0.028     1000    0.001
    2    17   131.50    22670    668.0    0.028     1000    0.001
    2    18   131.00    22660    667.4    0.028     1000    0.001
    2    19   130.50    22650    665.7    0.028     1000    0.001
    2    20   130.00    22640    668.4    0.028     1000    0.001
    2    21   129.50    22630    661.1    0.028     1000    0.001
    2    22   129.00    22620    659.6    0.028     1000    0.001
    2    23   128.50    22610    657.1    0.028     1000    0.001
    2    24   128.00    22600    656.6    0.028     1000    0.001
    2    25   127.50    22590    642.6    0.028     1000    0.001
    2    26   127.00    22580    651.6    0.028     1000    0.001
    2    27   126.50    22570    656.4    0.028     1000    0.001
    2    28   126.00    22560    634.6    0.028     1000    0.001
    2    29   125.50    22550    639.2    0.028     1000    0.001
    2    30   125.00    22540    643.5    0.028     1000    0.001
    2    31   124.50    22530    637.7    0.028     1000    0.001
    2    32   124.00    22520    631.8    0.028     1000    0.001
    2    33   123.50    22510    644.6    0.028     1000    0.001
    2    34   123.00    22500    641.6    0.028     1000    0.001
    2    35   122.50    22490    640.1    0.028     1000    0.001
    2    36   122.00    22480    636.4    0.028     1000    0.001
    2    37   121.50    22470    625.9    0.028     1000    0.001
    2    38   121.00    22460    631.0    0.028     1000    0.001
    2    39   120.50    22450    633.3    0.028     1000    0.001
    2    40   120.00    22440    627.5    0.028     1000    0.001
    2    41   119.50    22430    639.0    0.028     1000    0.001
    2    42   119.00    22420    638.6    0.028     1000    0.001
    2    43   118.50    22410    637.3    0.028     1000    0.001
    2    44   118.00    22400    629.4    0.028     1000    0.001
    2    45   117.50    22390    617.7    0.028     1000    0.001
    2    46   117.00    22380    625.2    0.028     1000    0.001
    2    47   116.50    22370    629.8    0.028     1000    0.001
    2    48   116.00    22360    628.5    0.028     1000    0.001
    2    49   115.50    22350    624.8    0.028     1000    0.001
    2    50   115.00    22340    616.6    0.028     1000    0.001
    2    51   114.50    22330    627.7    0.028     1000    0.001
    2    52   114.00    22320    619.7    0.028     1000    0.001
    2    53   113.50    22310    618.8    0.028     1000    0.001
    2    54   113.00    22300    605.2    0.028     1000    0.001
    2    55   112.50    22290    615.1    0.028     1000    0.001
    2    56   112.00    22280    613.3    0.028     1000    0.001
    2    57   111.50    22270    610.7    0.028     1000    0.001
    2    58   111.00    22260    613.3    0.028     1000    0.001
    2    59   110.50    22250    613.4    0.028     1000    0.001
    2    60   110.00    22240    616.7    0.028     1000    0.001
    2    61   109.50    22230    601.8    0.028     1000    0.001
    2    62   109.00    22220    591.4    0.028     1000    0.001
    2    63   108.50    22210    609.7    0.028     1000    0.001
    2    64   108.00    22200    617.0    0.028     1000    0.001
    2    65   107.50    22190    607.0    0.028     1000    0.001
    3     1   107.50    22190    607.0    0.028     1000    0.001
    3     2   107.00    22180    607.5    0.028     1000    0.001
    3     3   106.75    22170    612.9    0.028     1000    0.001
    3     4   106.25    22160    598.1    0.028     1000    0.001
    3     5   106.00    22150    599.9    0.028     1000    0.001
    3     6   105.50    22140    596.7    0.028     1000    0.001
    3     7   105.00    22130    608.0    0.028     1000    0.001
    3     8   104.50    22120    596.4    0.028     1000    0.001
    3     9   104.00    22110    598.2    0.028     1000    0.001
    3    10   103.50    22100    595.2    0.028     1000    0.001
    3    11   103.00    22090    591.1    0.028     1000    0.001
    3    12   102.50    22080    595.1    0.028     1000    0.001
    3    13   102.00    22070    597.2    0.028     1000    0.001
    3    14   101.50    22060    592.6    0.028     1000    0.001
    3    15   101.00    22050    585.1    0.028     1000    0.001
    3    16   100.50    22040    586.7    0.028     1000    0.001
    3    17   100.00    22030    587.8    0.028     1000    0.001
    3    18    99.50    22020    579.4    0.028     1000    0.001
    3    19    99.00    22010    571.0    0.028     1000    0.001
    3    20    98.50    22000    573.1    0.028     1000    0.001
    3    21    98.00    21990    571.7    0.028     1000    0.001
    3    22    97.50    21980    579.7    0.028     1000    0.001
    3    23    97.00    21970    573.6    0.028     1000    0.001
    3    24    96.50    21960    568.5    0.028     1000    0.001
    3    25    96.00    21950    565.2    0.028     1000    0.001
    3    26    95.50    21940    566.9    0.028     1000    0.001
    3    27    95.00    21930    569.1    0.028     1000    0.001
    3    28    94.50    21920    576.4    0.028     1000    0.001
    3    29    94.00    21910    572.4    0.028     1000    0.001
    3    30    93.50    21900    567.7    0.028     1000    0.001
    3    31    93.00    21890    563.0    0.028     1000    0.001
    3    32    92.50    21880    562.9    0.028     1000    0.001
    3    33    92.00    21870    570.1    0.028     1000    0.001
    3    34    91.50    21860    561.6    0.028     1000    0.001
    3    35    91.00    21850    560.0    0.028     1000    0.001
    3    36    90.50    21840    554.3    0.028     1000    0.001
    3    37    90.00    21830    562.9    0.028     1000    0.001
    3    38    89.50    21820    557.3    0.028     1000    0.001
    3    39    89.00    21810    554.8    0.028     1000    0.001
    3    40    88.50    21800    553.0    0.028     1000    0.001
    3    41    88.00    21790    543.4    0.028     1000    0.001
    3    42    87.50    21780    544.7    0.028     1000    0.001
    3    43    87.00    21770    554.9    0.028     1000    0.001
    3    44    86.50    21760    535.7    0.028     1000    0.001
    3    45    86.00    21750    532.3    0.028     1000    0.001
    3    46    85.50    21740    545.8    0.028     1000    0.001
    3    47    85.00    21730    552.1    0.028     1000    0.001
    3    48    84.50    21720    547.6    0.028     1000    0.001
    3    49    84.00    21710    540.3    0.028     1000    0.001
    3    50    83.50    21700    546.3    0.028     1000    0.001
    3    51    83.00    21690    551.1    0.028     1000    0.001
    3    52    82.50    21680    541.9    0.028     1000    0.001
    3    53    82.00    21670    534.8    0.028     1000    0.001
    3    54    81.50    21660    545.2    0.028     1000    0.001
    3    55    81.00    21650    542.8    0.028     1000    0.001
    3    56    80.50    21640    540.3    0.028     1000    0.001
    3    57    80.00    21630    538.2    0.028     1000    0.001
    3    58    79.50    21620    530.6    0.028     1000    0.001
    3    59    79.00    21610    529.7    0.028     1000    0.001
    3    60    78.50    21600    525.0    0.028     1000    0.001
    3    61    78.00    21590    530.5    0.028     1000    0.001
    3    62    77.50    21580    530.3    0.028     1000    0.001
    3    63    77.00    21570    517.5    0.028     1000    0.001
    3    64    76.50    21560    516.6    0.028     1000    0.001
    3    65    76.00    21550    528.5    0.028     1000    0.001
    3    66    75.50    21540    524.0    0.028     1000    0.001
    3    67    75.00    21530    521.5    0.028     1000    0.001
    3    68    74.50    21520    517.1    0.028     1000    0.001
    3    69    74.00    21510    512.0    0.028     1000    0.001
    3    70    73.50    21500    505.3    0.028     1000    0.001
    3    71    73.00    21490    514.3    0.028     1000    0.001
    3    72    72.50    21480    520.9    0.028     1000    0.001
    3    73    72.00    21470    519.7    0.028     1000    0.001
    3    74    71.50    21460    515.5    0.028     1000    0.001
    3    75    71.00    21450    512.9    0.028     1000    0.001
    3    76    70.50    21440    507.1    0.028     1000    0.001
    3    77    70.00    21430    495.8    0.028     1000    0.001
    3    78    69.75    21420    496.1    0.028     1000    0.001
    3    79    69.25    21410    507.4    0.028     1000    0.001
    3    80    69.00    21400    507.6    0.028     1000    0.001
    3    81    68.50    21390    503.3    0.028     1000    0.001
    3    82    68.00    21380    496.7    0.028     1000    0.001
    3    83    67.50    21370    490.6    0.028     1000    0.001
    3    84    67.00    21360    493.2    0.028     1000    0.001
    3    85    66.50    21350    500.9    0.028     1000    0.001
    3    86    66.00    21340    497.5    0.028     1000    0.001
    3    87    65.50    21330    493.4    0.028     1000    0.001
    3    88    65.00    21320    485.6    0.028     1000    0.001
    3    89    64.50    21310    483.4    0.028     1000    0.001
    3    90    64.00    21300    486.3    0.028     1000    0.001
    3    91    63.50    21290    484.5    0.028     1000    0.001
    3    92    63.00    21280    489.6    0.028     1000    0.001
    3    93    62.50    21270    481.0    0.028     1000    0.001
    3    94    62.20    21260    480.9    0.028     1000    0.001
    4     1    62.20    21260    480.9    0.028     1000    0.001
    4     2    62.00    21250    478.6    0.028     1000    0.001
    4     3    61.50    21240    481.1    0.028     1000    0.001
    4     4    61.00    21230    475.6    0.028     1000    0.001
    4     5    60.50    21220    462.7    0.028     1000    0.001
    4     6    60.00    21210    436.4    0.028     1000    0.001
    4     7    59.50    21200    412.9    0.028     1000    0.001
    5     1    59.50    21200    412.9    0.028     1000    0.001
    5     2    59.00    21190    455.7    0.028     1000    0.001
    5     3    58.50    21180    459.5    0.028     1000    0.001
    5     4    58.00    21170    465.4    0.028     1000    0.001
    5     5    57.50    21160    457.8    0.028     1000    0.001
    5     6    57.00    21150    447.2    0.028     1000    0.001
    5     7    56.50    21140    445.5    0.028     1000    0.001
    5     8    56.00    21130    454.0    0.028     1000    0.001
    5     9    55.50    21120    450.9    0.028     1000    0.001
    5    10    55.00    21110    447.6    0.028     1000    0.001
    5    11    54.50    21100    457.1    0.028     1000    0.001
    5    12    54.00    21090    454.6    0.028     1000    0.001
    5    13    53.50    21080    451.2    0.028     1000    0.001
    5    14    53.00    21070    447.0    0.028     1000    0.001
    5    15    52.50    21060    441.2    0.028     1000    0.001
    5    16    52.00    21050    435.7    0.028     1000    0.001
    5    17    51.50    21040    430.4    0.028     1000    0.001
    5    18    51.00    21030    418.4    0.028     1000    0.001
    5    19    50.50    21020    435.5    0.028     1000    0.001
    5    20    50.00    21010    437.1    0.028     1000    0.001
    5    21    49.50    21000    445.4    0.028     1000    0.001
    5    22    49.00    20990    436.4    0.028     1000    0.001
    5    23    48.50    20980    433.2    0.028     1000    0.001
    5    24    48.00    20970    439.4    0.028     1000    0.001
    5    25    47.50    20960    436.9    0.028     1000    0.001
    5    26    47.00    20950    438.0    0.028     1000    0.001
    5    27    46.50    20940    438.6    0.028     1000    0.001
    5    28    46.00    20930    428.0    0.028     1000    0.001
    5    29    45.50    20920    429.2    0.028     1000    0.001
    5    30    45.00    20910    424.6    0.028     1000    0.001
    5    31    44.50    20900    431.3    0.028     1000    0.001
    5    32    44.00    20890    426.9    0.028     1000    0.001
    5    33    43.50    20880    427.4    0.028     1000    0.001
    5    34    43.00    20870    427.9    0.028     1000    0.001
    5    35    42.50    20860    424.5    0.028     1000    0.001
    5    36    42.00    20850    429.0    0.028     1000    0.001
    5    37    41.50    20840    421.9    0.028     1000    0.001
    5    38    41.00    20830    421.8    0.028     1000    0.001
    5    39    40.50    20820    415.0    0.028     1000    0.001
    5    40    40.25    20810    405.9    0.028     1000    0.001
    5    41    39.75    20800    408.5    0.028     1000    0.001
    5    42    39.50    20790    416.1    0.028     1000    0.001
    5    43    39.00    20780    417.3    0.028     1000    0.001
    5    44    38.50    20770    399.9    0.028     1000    0.001
    5    45    38.00    20760    402.3    0.028     1000    0.001
    5    46    37.50    20750    415.2    0.028     1000    0.001
    5    47    37.00    20740    399.8    0.028     1000    0.001
    5    48    36.50    20730    406.8    0.028     1000    0.001
    5    49    36.00    20720    403.5    0.028     1000    0.001
    5    50    35.50    20710    407.7    0.028     1000    0.001
    5    51    35.00    20700    386.4    0.028     1000    0.001
    5    52    34.50    20690    394.3    0.028     1000    0.001
    5    53    34.00    20680    402.1    0.028     1000    0.001
    5    54    33.50    20670    399.6    0.028     1000    0.001
    5    55    33.00    20660    401.4    0.028     1000    0.001
    5    56    32.50    20650    389.6    0.028     1000    0.001
    5    57    32.00    20640    389.5    0.028     1000    0.001
    5    58    31.50    20630    386.7    0.028     1000    0.001
    5    59    31.00    20620    384.3    0.028     1000    0.001
    5    60    30.50    20610    383.2    0.028     1000    0.001
    5    61    30.00    20600    384.6    0.028     1000    0.001
    5    62    29.50    20590    371.8    0.028     1000    0.001
    5    63    29.00    20580    387.1    0.028     1000    0.001
    5    64    28.50    20570    372.6    0.028     1000    0.001
    5    65    28.00    20560    387.1    0.028     1000    0.001
    5    66    27.50    20550    380.9    0.028     1000    0.001
    5    67    27.00    20540    377.7    0.028     1000    0.001
    5    68    26.50    20530    371.9    0.028     1000    0.001
    5    69    26.00    20520    377.7    0.028     1000    0.001
    5    70    25.50    20510    368.0    0.028     1000    0.001
    5    71    25.00    20500    368.6    0.028     1000    0.001
    5    72    24.50    20490    351.3    0.028     1000    0.001
    5    73    24.00    20480    375.6    0.028     1000    0.001
    5    74    23.50    20470    373.8    0.028     1000    0.001
    5    75    23.00    20460    363.2    0.028     1000    0.001
    5    76    22.50    20450    365.5    0.028     1000    0.001
    5    77    22.00    20440    365.3    0.028     1000    0.001
    5    78    21.50    20430    366.8    0.028     1000    0.001
    5    79    21.00    20420    350.2    0.028     1000    0.001
    5    80    20.50    20410    307.5    0.028     1000    0.001
    5    81    20.00    20400    318.5    0.028     1000    0.001
    5    82    19.50    20390    343.9    0.028     1000    0.001
    5    83    19.00    20380    359.8    0.028     1000    0.001
    5    84    18.50    20370    356.7    0.028     1000    0.001
    5    85    18.00    20360    355.2    0.028     1000    0.001
    5    86    17.50    20350    357.3    0.028     1000    0.001
    5    87    17.00    20340    360.0    0.028     1000    0.001
    5    88    16.50    20330    353.1    0.028     1000    0.001
    5    89    16.00    20320    341.7    0.028     1000    0.001
    5    90    15.50    20310    330.5    0.028     1000    0.001
    5    91    15.00    20300    346.7    0.028     1000    0.001
    5    92    14.50    20290    338.9    0.028     1000    0.001
    5    93    14.00    20280    341.7    0.028     1000    0.001
    5    94    13.50    20270    338.2    0.028     1000    0.001
    5    95    13.00    20260    333.9    0.028     1000    0.001
    5    96    12.50    20250    335.7    0.028     1000    0.001
    5    97    12.00    20240    334.1    0.028     1000    0.001
    5    98    11.50    20230    331.9    0.028     1000    0.001
    5    99    11.00    20220    337.5    0.028     1000    0.001
    5   100    10.50    20210    327.7    0.028     1000    0.001
    5   101    10.00    20200    310.6    0.028     1000    0.001
    5   102     9.50    20190    325.2    0.028     1000    0.001
    5   103     9.00    20180    326.4    0.028     1000    0.001
    5   104     8.50    20170    331.0    0.028     1000    0.001
    5   105     8.00    20160    331.3    0.028     1000    0.001
    5   106     7.50    20150    330.4    0.028     1000    0.001
    5   107     7.00    20140    325.7    0.028     1000    0.001
    5   108     6.50    20130    328.7    0.028     1000    0.001
    5   109     6.00    20120    319.8    0.028     1000    0.001
    5   110     5.50    20110    319.0    0.028     1000    0.001
    5   111     5.00    20100    319.9    0.028     1000    0.001
    5   112     4.50    20090    317.2    0.028     1000    0.001
    5   113     4.00    20080    311.7    0.028     1000    0.001
    5   114     3.50    20070    308.5    0.028     1000    0.001
    5   115     3.00    20060    308.5    0.028     1000    0.001
    5   116     2.50    20050    311.1    0.028     1000    0.001
    5   117     2.00    20040    305.6    0.028     1000    0.001
    5   118     1.50    20030    287.0    0.028     1000    0.001
    5   119     1.00    20020    305.0    0.028     1000    0.001
    5   120     0.50    20010    307.8    0.028     1000    0.001
    6   1     692.6     692.1    1        0.028     1000    0.001
    7   1     481.5     480.9    1        0.028     1000    0.001
    8   1     413.5     412.9    1        0.028     1000    0.001
